# Created by Octave 4.2.0, Thu Mar 02 01:52:43 2017 GMT <Dattlee@Davids-MacBook-Pro.local>
# name: task1solutions
# type: matrix
# rows: 4
# columns: 20
 0 1 0 0 1 0 0 0 0 1 0 0 1 1 1 1 1 0 1 0
 0 1 0 0 1 0 0 0 0 1 0 0 1 1 1 1 1 0 1 0
 0 1 0 0 1 0 0 0 0 1 0 0 1 1 1 1 1 0 1 0
 0 1 0 0 1 0 0 0 0 1 0 0 1 1 1 1 1 0 1 0


