# Created by Octave 4.2.0, Sat Mar 04 17:36:42 2017 GMT <Dattlee@Davids-MacBook-Pro.local>
# name: task2solutions
# type: matrix
# rows: 4
# columns: 20
 0 1 0 0 1 0 0 0 0 1 1 0 1 1 1 1 1 0 0 0
 0 1 0 0 1 0 0 0 0 1 1 0 1 1 1 0 1 0 0 0
 0 1 0 0 1 0 0 1 0 1 0 0 0 1 1 1 0 0 1 0
 0 1 0 0 0 0 0 0 1 1 0 0 0 1 1 0 1 0 1 0


