# Created by Octave 4.2.0, Sat Mar 04 17:37:58 2017 GMT <Dattlee@Davids-MacBook-Pro.local>
# name: task3solutions
# type: matrix
# rows: 4
# columns: 20
 0 1 0 0 1 0 0 1 0 1 0 0 0 0 1 0 1 0 1 0
 0 1 0 0 1 0 0 0 0 1 0 1 0 0 1 0 1 0 1 0
 0 1 0 0 1 0 0 1 0 1 0 0 0 1 0 0 0 0 1 0
 0 1 0 0 1 0 0 0 0 1 0 1 0 0 0 0 1 0 1 0


